15881 6021
696166 11012
2819069 46150
25039021 23862
4993482 18016
449019 23773
508401 23862
4158686 100337
19726 933188
135868 29513
93267 1298198
6776794 7922315
376707 919313
920018 916963
42946389 2356196
6021 23708
2855241 72038
475829 18016
236298 247370
93267 20607
24080 200138
23862 15881
20178 1453
43723435 18016
6983799 28319
29414838 72038
507348 692880
19723 6616312
45413679 72038
7575 692878
23708 11168
746828 18334
25572284 9424740
60312680 39652
12304060 28119
6799 4292196
15881 27404990
7792164 39809523
12655903 1147624
29414838 27404990
23742879 34211
33850384 15881
1063953 28319
508401 28319
41819039 15881
602578 241545
25768 18016
24308364 60265
1964813 6068
15881 72038
27404990 1146638
9646 20607
33033735 1569550
26384 18334
1422467 46150
31105 827385
11690683 25572284
36346048 24102707
15881 9838
524247 8741
233385 692878
34994823 1064127
5404706 15881
38455554 6068
508401 15881
34236881 28319
23939 72038
930956 20607
562827 18016
9069072 1485589
100337 20607
60545 28319
25039021 4052
42257880 24131
1625207 6068
13675387 27404990
271832 6799
1064175 2116391
243881 2356196
46150 72038
72038 6021
3254510 15881
25039021 247370
19176983 9845
849448 15881
241545 19962
16561990 9646
390257 11168
36619168 23773
2994338 27404990
20607 18016
11665200 1242
36619168 20824
2356196 1962467
968357 23485
7575 18016
38441485 28119
15127666 27828947
38420593 239964
239964 100337
3254510 27404990
40205956 28319
3254510 18016
25572284 23708
15127684 93267
521637 864364
891398 18016
34236881 9236158
47775 18016
899253 1451
88392 56284859
55579 944870
696166 28119
29414838 236298
23485 586499
2362118 241545
323340 60265
4740151 18016
243881 6021
29513 1453
4015 11168
4993482 2188401
944870 65944
507348 23773
25039021 22496
27404990 100337
38455554 28119
21802981 22497
24131 42257880
6021 11168
2225745 15881
7262 1453
42257880 15881
1242 72038
27174347 6616312
6799 82760
20217814 9646
849448 6021
41671035 6068
449019 23773
4426773 581974
2356196 20607
9646 18016
919313 5005125
1545014 1242
593757 18334
2116391 6068
2281448 4015
47775 47774
78136 23773
20607 233385
916963 692878
39516472 23773
508401 25768
890931 1451
42257880 27404990
24131 6021
27404990 1298198
991259 140643
16561990 20607
1146638 23939
100337 23773
12036551 28319
5404706 519691
144766 4015
4158686 1063953
23862 1451
14465871 39880682
28763 7575
41819039 23862
10392 47774
23862 18016
1146638 25768
8741 28119
598142 6799
20153719 18334
19946240 6068
581974 20607
48972626 23862
890956 890931
39035048 581974
8741 4158686
42257880 39652
524247 28319
1474975 37426
25051106 247370
188190 28119
2356196 239964
6021 692880
239964 39652
171918 92839
4158686 13054873
981616 94451
36619168 1242
4547 692880
41819039 508401
6528823 27404990
29414838 28119
1569550 28319
2819069 9845
9646 21866469
944870 11168
617705 516845
1172241 327744
2540686 7841593
12655903 243881
73227 899253
933477 60265
40889417 1076270
6983799 1433925
24102707 19962
14465871 14432911
3254510 100337
28119 18016
9236158 28319
57406 6021
890761 6021
512681 11012
323340 23862
24131 15881
17213 692880
20148120 18016
6021 1453
765313 391472
512587 11168
48971282 23862
23497750 6097382
27404990 20607
3254510 6068
39652 100337
551037 39880682
3350021 28119
4052771 37426
6021 692878
376707 6068
45413679 22496
94451 18016
6976849 28119
14465871 23862
271832 29004
24308364 28319
31105 23773
29414838 20607
11690683 1353817
4015 692878
2356196 1042779
40205956 23485
2356196 14801
51458 6068
15881 39809523
930956 916963
5029025 224748
14465871 52197438
2540686 15881
147585 916963
21571 1451
39035048 4426773
25039021 449019
39874090 32169
1474975 4052771
25291443 1147624
1242 692878
37552825 39652
9236158 746828
23742879 29004
241545 22496
23490878 37426
2188401 6068
23153417 827385
41671035 16561990
944870 11168
4993482 303734
908540 692878
4158686 1064120
7632959 24102707
19726 27404990
2356196 630175
37426 78126
43723435 6068
23708 6799
51797637 42946796
63863 11168
23862 22660
50540803 23773
1353817 28319
3431871 15881
35733875 26384
37426 18334
31613960 692878
46150 29515
2356196 72038
39845825 18334
15881 630175
41819039 29539307
28119 586499
5404706 15881
3254510 28319
2574343 29004
29004 968357
24131 9845
243881 25768
2188401 47774
31483631 3254510
161878 93267
40205956 18016
29414838 6021
24131 28319
15127666 27404990
23773 692878
72038 692880
28116392 7611352
632241 6135484
24102707 23773
9672320 29004
8157205 15881
598142 4015
3254510 20607
38420593 39652
45413679 630175
20446791 18016
1298198 233385
6068 28119
31105 827334
353464 18016
19905196 20607
9838 34521
350323 6799
9646 23485
63863 6021
1242 23773
60545 8741
11484588 692880
26407459 6021
20148120 25768
1753362 23485
1181779 11168
9646 28319
6983799 18334
1242 28319
42946796 6021
26384 11012
9857086 19962
6776794 6021
48972626 25039021
6021 11168
39035048 161878
8157205 2356196
1076270 1456
29513 692878
57629994 25039021
19176983 39809523
1181779 23708
1422467 6021
56882690 18016
6693612 6068
236298 6021
424362 19086670
57406 23773
23939 4015
20178 6021
3254510 509700
19086670 85011
10965409 2819069
3254510 28119
9845 6021
53428852 37552825
60230260 37552825
1064127 18016
6817996 72038
46150 7575
376707 18016
6976849 6068
39652 23773
47013794 38962533
48747326 6021
48747326 23862
551037 9689799
919313 1451
13087 5134584
899874 1451
36346048 23773
13862555 9838
2356196 29414838
46143 586499
29539307 15881
56025620 239964
28319 29513
197700 4015
21802981 72038
2248859 6021
12304060 18016
239964 9646
28319 908540
39035048 20607
93267 933188
930956 6021
853032 15881
236298 25051106
38202780 25768
20178 60265
4052771 28319
40205956 11168
36619168 20607
3254510 256916
25045328 23485
27403236 25768
45413679 1242
57629994 2356196
25572284 23708
13433106 28119
23862 147585
20178 539194
17179 23485
1147624 2356196
1485589 233385
12655903 72038
507928 171918
431985 391487
48972626 29414838
8741 6068
6817996 9845
28119 3350021
40205956 23773
28319 859608
1456 29515
4891630 40650677
33862363 1242
43723435 16561990
4249746 2356196
919313 28119
28319 8115636
48972626 6021
2540686 43410
4993415 18016
19962 827385
33850384 243881
24080 18016
41819039 2356196
327744 13087
853032 6021
18718048 27163
5235763 78136
17955097 376707
1298198 233385
2211835 1485589
35733875 3254510
42946389 243881
33033735 9646
4158686 6068
9236158 4052771
30890362 78136
17731 9845
1443566 6021
1131159 46150
29414838 2356196
37552825 100337
27404990 15127771
6021 4052
1042779 35640209
39538319 72038
902180 14801
4052771 746828
920004 916963
28319 46143
508401 23939
1063953 28119
1838572 140643
18410776 23712097
60265 28319
48972626 2356196
1242 692880
188515 15881
32976878 20607
11090266 39809523
357599 23773
39809523 6021
20148120 323340
9845 23939
6616312 1368
6693612 28119
149766 617705
546083 6021
6776794 890761
16561990 23485
617705 62086758
508401 25768
13862555 39809523
21670195 29004
25768 1242
19723 11168
981616 18016
23862 100337
25768 4015
1242 7575
899874 28319
15881 22496
20148120 28319
1932246 72038
4993415 28119
27404990 15127684
27404990 161878
1485612 4015
29414838 9646
239964 3254510
1146638 9845
692880 692878
904645 6021
9096092 78136
17151577 18016
25291443 630175
20178 28319
6021 1368
8741 1453
42257880 3254510
57406 1485589
44365118 8157205
56882690 18334
42946389 7575
25039021 28319
36346048 6021
2356196 241545
23862 8741
21008097 39652
188515 6021
188515 23862
6219357 4292196
22660 247370
22848897 4052
31483631 20607
243881 15881
6751312 20607
215824 6097382
93267 17224
9845 1456
19723 991259
630175 29513
23862 6021
18969637 15881
4052 1453
16561990 15881
25051106 6021
6021 828614
43410 1242
4292196 82760
29539307 2356196
28116392 1575082
18410776 23712097
1569550 60265
73227 1451
43723435 12304060
23862 7575
323340 18016
41819039 508401
188515 28119
1147624 23862
25039021 23773
30883042 20607
24308364 135868
891398 60265
56025620 2356196
47775 353464
16561990 27404990
948551 2994338
38455554 23939
40205956 6021
18969637 2356196
390257 6616312
4072208 20607
37426 18016
28763 9838
42537 9845
11690683 25572284
376707 28119
40516644 29004
9236158 18334
37426 60265
2857297 899253
38455554 40205956
7792164 23485
24641580 1451
31788384 630175
4475 4052
32529580 29513
37552825 29414838
9838 1242
9838 29513
891398 11012
8157205 9845
38455554 25768
4249746 23773
13281075 630175
39624220 6097382
73227 2857297
15881 1063953
19723 140643
602578 22496
39845825 4015
147585 692880
22496 23773
94451 31613960
26384 11012
4072208 18016
2248859 24080
20824 23773
34994823 18016
17643059 27404990
18410776 63569
72038 29513
827334 23708
23939 27163
48747326 29414838
49208585 28319
14465871 2356196
6021 6616312
32529580 28319
27174347 11168
28319 18334
890956 28119
2079775 22660
1741668 23485
27403236 23939
12036551 28119
15881 1569550
17151577 25768
543057 23708
39880682 1456
10965409 323340
23939 1456
60616561 209537
44013448 9236158
4475 1453
29515 1012894
323340 28319
36811567 171918
188515 27403236
827385 23773
86780 904645
8741 1063953
36462606 15881
419765 15881
919313 6021
20607 233385
25768 23939
32529580 23773
14782123 15881
29414838 1935217
17151577 39809523
6068 47775
1968693 22660
593757 746828
21571 1451
309357 23708
1565435 23939
41819039 20607
27970668 15881
933674 20824
46150 1456
2362118 20607
88392 78136
39652 2362118
3254510 509700
4723102 23485
1242 24102707
25039021 236298
908764 1451
161878 233385
271832 39809523
57629994 15881
4052 828614
23708 1453
12098545 1042779
419765 2356196
42537 18016
519691 78136
23939 18016
36462606 508401
23939 1146638
2540686 72038
1822171 27404990
63569 13087
241545 24102707
25768 46150
37426 28319
6068 18016
1575082 26384
944870 6616312
256916 23485
6068 586499
1964813 6021
3254510 39652
908764 512587
56882690 6983799
19905196 39652
6648528 18334
11012 18016
29414838 3350021
36462606 3254510
11168 6616312
27403236 326530
40205956 72038
4158686 28119
4158686 875484
82760 60393
25768 7575
48971282 6021
23862 241545
20178 18016
1242 9838
13345244 256916
17224 1298198
34211 44196
4158686 353464
13087 23093599
42537 13191
1242 15881
35733875 46150
38455554 23862
23862 23939
93267 233385
34994823 6976849
239964 2362118
38202780 16561990
17731 239964
24131 72038
849448 23939
908764 23939
16561990 6068
4475 23708
48972626 25768
632241 60378
12655903 15881
28319 18016
29414838 100337
33850384 72038
42946389 39809523
9236158 6983799
2248859 15881
40205956 1451
4072208 6021
27970668 1147624
256916 18016
36346048 72038
29047 692880
161878 27404990
508401 28319
202110 82760
6097382 4015
25768 23862
1064178 1064175
3254510 9838
38455554 51022500
28763 28119
25291443 243881
904645 72038
19086670 34211
239964 20607
3431871 39880682
7419372 209537
15881 28319
33850384 1176702
25291443 23862
23862 692880
508401 39809523
23862 28319
1242 692880
357599 22496
20340 692880
19726 23485
30883042 2356196
72038 7575
16561990 25768
18969637 25768
27404990 933188
60230260 39652
246367 209537
904645 23939
13819923 9845
1443566 63569
379013 28119
18969637 3254510
23708 6616312
24102707 827385
449019 24102707
692880 949010
18016 303031
26384 60265
1205107 6799
16561990 28119
18334 18016
25207 6021
38420593 100337
14465871 431985
14782123 20607
57629994 9845
945803 6021
15881 23773
41671035 43723435
215824 15881
4072208 15881
39880682 18016
27163 9771
40205956 29513
696166 899253
4052771 13567
20446791 27404990
51458 18016
38455554 18016
23939 6021
20178 1242
14465871 532369
88392 28319
14465871 11946436
1146638 28319
9845 46150
302187 27404990
95839 6021
10965409 23862
7632959 1453
1545014 33862363
27404990 28119
15881 2356196
30877972 256916
828614 692878
1456 27163
6776794 2356196
243881 23862
2179985 1451
509700 15881
41671035 28119
197700 23773
6799 6219357
42946389 23862
6068 353464
6983799 18016
48971282 72038
291874 29414838
4249746 630175
23712097 63569
45413679 6021
581974 39652
2276397 912124
381842 945803
57629994 29414838
1964813 28119
25039021 1451
6776794 15881
23712097 13087
38455554 376707
1565435 15881
21571 18016
188515 23939
1456 6021
16561990 3350021
7632959 23773
4015 6616312
29414838 7645
11665200 33862363
4072208 241545
20446791 30877972
26384 18334
41671035 38202780
2957 1366035
1002285 24102707
981616 828614
38202780 9646
1822171 11168
7645 20607
24102707 20824
18969637 9646
1443566 23712097
13087 38212017
2188401 18016
543057 1453
188515 78136
31495398 4015
27404990 233385
18595067 1451
2356196 15881
56882690 28319
37426 29513
357599 449019
23490878 28319
72038 1242
92839 692880
692878 944870
493076 78136
38202780 18016
20178 28119
3350021 9838
5005125 1451
31483631 15881
4426773 27404990
39652 20607
8741 28319
521637 598669
2116391 18016
765313 6799
27403236 23862
23773 211058
239964 27404990
24102707 211058
29414838 39652
52197438 1456
11690683 23708
4993482 47774
2356196 27404990
27403236 27404990
239964 23862
20961640 22496
18595067 28119
9236158 13567
27970668 25768
6068 47774
188515 1456
39809523 28319
411454 632241
39874090 72038
39874090 25768
27404990 17224
507348 6021
28045268 692880
34236881 18334
38962533 9845
519691 9845
37552825 20607
46150 28119
23939 32035
2356196 9838
86780 72038
19962 1453
6799 28319
93267 1298198
100337 933188
60230260 100337
30196706 72038
38455554 46150
15881 586499
14465871 22561399
42257880 2356196
930956 475829
2539467 209537
948551 27404990
524247 3254510
2242790 19723
27404990 93267
2356196 6021
239964 2356196
9845 18016
60545 60265
3432584 23773
376707 1988114
875484 28119
36462606 28319
39035048 1933143
25039021 6021
13862555 2356196
18305664 1451
6976849 4158686
904645 18016
2994338 23773
617705 1170592
86780 6021
46150 60265
7645 6021
13345244 20607
4015 140643
2356196 6097382
12794721 79099
41819039 3254510
16561990 2356196
11690683 15881
23485 46143
25768 28319
431985 23708
1377046 15881
1933143 27404990
1181779 224748
38420593 20607
25039021 22660
13345244 6751312
26384 60265
36346048 692880
7262 224748
19160625 6097382
40205956 5903016
46150 24102707
236298 1935217
7792164 28319
42946389 25768
1042779 2356196
7575 29513
18718048 1456
15881 31925
418603 18016
28319 586499
291874 1242
21802981 480378
23862 72038
3254510 9646
188190 18016
2049655 32529580
1366035 4015
890956 1451
6799 35783688
41671035 47774
72038 20607
948551 23773
27580389 7575
29513 1064164
45413679 241545
36346048 1242
241545 23773
211058 692878
2179985 6021
39035048 27404990
2855241 1242
1283488 5976852
1822171 3254510
23862 27404990
11012 332693
919313 11168
902180 14801
41671035 16561990
25039021 1935217
598142 11168
33033735 9845
323340 4075450
36346048 15881
224748 1453
43410 23773
33033735 28319
27404990 9019708
1179492 692880
323340 60545
390257 6021
25768 72038
630175 23773
25768 28119
15881 241545
23742879 19086670
14782123 23773
10965409 188515
12036551 1377046
23862 14801
512681 18016
256916 9646
9845 78136
25768 9838
9845 23862
93267 17224
32976878 9845
34211 21008097
10965409 243881
78136 56284859
9845 15881
10965409 46150
12036551 11044709
24102707 949017
9236158 56882690
15881 1242
419765 1962467
2356196 419765
1377046 502786
29414838 25051106
48747326 15881
23773 1453
38053070 9646
508401 15881
323340 46150
241545 1453
323340 60545
6799 72038
1933143 33079424
42946389 29414838
38420593 57798059
18595067 890956
45413679 18016
241545 7632959
34236881 28119
39516472 22496
18595067 890931
15881 19962
930956 18016
41671035 9646
17955097 6021
25039021 25051106
519691 15881
6799 9838
6616312 20683
30883042 18016
7837169 23485
449019 22496
25572284 9424829
6776794 11168
516845 1453
6776794 1242
1964813 23939
29414838 42946389
23939 1456
45413679 23862
1932246 15881
1063953 875484
1076270 6021
4052771 6983799
27403236 9845
27404990 899253
1456 92839
4158686 27404990
30877972 20607
19905196 72038
291874 9838
17178 23485
241545 827385
25768 8741
12036551 60265
543057 902082
9236158 37426
33033735 2356196
14801 29515
11012 1451
849448 72038
31483631 18016
24131 23939
4052771 18334
14465871 29004
346978 73227
31483631 28319
31788384 23773
39874090 15881
14801 1453
39035048 29414838
6776794 25458359
65944 900125
2009536 236298
12655903 2356196
38455554 6021
630175 28319
243881 72038
12655903 6021
50155661 6799
62017767 65944
10392 6068
1170592 140643
20153719 23712097
20412 1451
32976878 39652
44365118 9845
46150 18016
13345244 27404990
2179985 57406
17731 27403236
6021 4475
2819069 23862
57406 11168
243881 9838
37552825 27404990
37552825 239964
1935217 25051106
28763 6068
13345244 28319
6817996 14465871
1565435 9845
16561990 72038
9845 60265
236298 23773
6976849 1064127
930956 28319
2540686 63863
60230260 239964
6219357 82760
14782123 28763
25039021 20824
32976878 9646
27404990 57406
431985 23708
26574070 12036551
602578 60265
15881 32529580
24131 39880682
17687494 19723
20446791 20412
33850384 23939
14465871 23939
28119 1453
42946389 18016
16561990 51022500
42946389 27404990
28319 78126
13862555 23862
60230260 27404990
6817996 23862
188515 60265
39874090 24131
49208585 60265
39516472 24102707
38455554 20412
25572284 1453
9845 28119
8741 18016
22496 24102707
27404990 18016
39845825 23862
5404706 39652
1353817 25572284
19905196 1951390
28952622 15881
3431871 28119
2819069 72038
891398 696166
17731 27404990
1935217 6021
1146638 27404990
516845 11168
28116392 9845
502786 875484
4426773 1933143
26384 18016
233385 18016
586499 18016
6776794 72038
1433925 23773
